0	0.00575509066224184	0.626523937288639
1.00501640890434	0.0185294383404785	0.631322748322791
2.00821542340782	-0.0223978804155088	0.629266301935322
3.01813698788283	0.00881232139820887	0.631986628145579
4.02316802525274	0.00356607166537065	0.632518362974009
5.02733482825988	-0.0128862947685251	0.632880255453320
6.03626589161468	-0.00433316310100972	0.629782477652773
7.04129153954909	0.00361683285991416	0.632063934150141
8.04637916598495	0.0361623886640384	0.631367206064346
9.04939686450325	0.0278849584933764	0.632818462360925
10.0517070072274	-0.0133082812070375	0.632239019524106
11.0615323317970	0.0307276539300994	0.632963242676133
12.0655871115514	0.00763246151624189	0.630904350548222
13.0686417661946	-0.000439960537368899	0.630874206372037
14.0727046301017	0.00733801723278862	0.633184539095220
15.0808303579161	-0.482706612248876	0.625955767693245
16.0869523708698	-0.482086239186051	0.628227614654821
17.0948344192402	-0.465947819626033	0.625729307414005
18.0980615357967	-0.466754450805883	0.626539035555979
19.1039360197101	-0.466672871569592	0.627635272533264
20.1069798954832	-0.473941980329798	0.627023454641118
21.1152542177133	-0.492919664930738	0.622375821905047
22.1171128027945	-0.473672409190600	0.622497278212813
23.1221892654003	-0.464542442812241	0.622747176634212
24.1231893905124	-0.475768013962760	0.620923486467913
25.1272407056313	-0.470310021566700	0.621144936663410
26.1362957259862	-0.473388100332046	0.620375247772267
27.1364793517278	-0.483879204951748	0.616749171616248
28.1414026004022	-0.477906081032921	0.617289143050042
29.1495802977661	-0.488717623741474	0.612412323231350
30.1584489976613	-0.471960839386312	0.618000944698483
31.1645390589665	-0.492315496773579	0.613485748603230
32.1676141164689	-0.491533500285568	0.611369939024986
33.1686388789967	-0.488939782648137	0.612303458453918
34.1756451442152	-0.510287637323837	0.608987762939272
35.1806923498898	-0.466460992775737	0.610837050280905
36.1858511938563	-0.477405046271316	0.608791521856720
37.1908468149404	-0.488206234857575	0.613302495601612
38.1959005649278	-0.466953966264926	0.610257955291371
39.2039435264223	-0.497772115854415	0.602021337843810
40.2121539453556	-0.481867220164743	0.606931473561407
41.2160655201287	-0.483259266119962	0.602286252794102
42.2191505865821	-0.477652728312233	0.603606127033735
43.2241719999620	-0.958939435331081	0.602511702754424
44.2301989278876	-0.970716820470699	0.601745019879692
45.2323346839003	-0.962180660419086	0.597770492683144
46.2382599824841	-0.963904625725233	0.599535466663526
47.2393274755304	-0.955790948422168	0.593487649281165
48.2442272416674	-0.951135364607060	0.593171205040672
49.2484463991832	-0.950975288321311	0.591912306254557
50.2544956547681	-0.970516675677010	0.588820249958618
51.2603123947374	-0.961482244621838	0.588478058132422
52.2645935307528	-0.974209191733609	0.585429236051644
53.2666546045984	-0.973203028712322	0.581281174622910
54.2667054192689	-0.962136514578488	0.577305377501755
55.2707005302818	0.496552270490074	0.585600367244988
56.2777452914625	0.473529308269690	0.581641178313677
57.2818628196364	0.484939755534827	0.584024015079196
58.2878512515999	0.478970123384514	0.585910686688216
59.2919456821965	0.492399528795371	0.585978603914741
60.2959492623204	0.470335324456704	0.584909014639026
61.3030117316448	0.481551542048876	0.586750095043067
62.3090463587632	0.486751237618349	0.588402801456874
63.3091626165697	0.0110088593008558	0.591610503874957
64.3153831791888	0.0156327071495672	0.586931338512204
65.3182615223223	0.000862068453801369	0.590222312367423
66.3182676816768	-0.0147253149118484	0.589270604713013
67.3202987286704	-0.00723243017807090	0.588186021349127
68.3273488792856	-0.0104252291386722	0.586540178941734
69.3325612326407	0.0236951604345481	0.588086225524671
70.3384884560237	-0.00596543062014128	0.588481509869274
71.3455747928438	0.00785918710382069	0.585716860745128
72.3527515951764	-0.00173359691135497	0.589040398384111
73.3616641804692	0.00907669244873487	0.587011830342058
74.3667240898112	-0.00745790417115108	0.588468318718988
75.3707850289202	-0.0138321014988599	0.589329609577085
76.3738050371967	-0.0140331710563873	0.586848257776952
77.3778459584046	0.00507252729312707	0.588081436173303
78.3810596013746	-0.00158316337166059	0.589358457411052
79.3829462885078	-0.482617486543952	0.584020699944443
80.3859932439582	-0.466463850159453	0.588798456379410
81.3961735013036	-0.477928951964046	0.590609135700570
82.3991415400305	-0.478491026895547	0.586713478188780
83.4033718613755	-0.464779960766138	0.583197219513413
84.4073246268299	-0.488889455267383	0.583719717710923
85.4154234074704	-0.473690707507382	0.579824589127645
86.4198396643151	-0.472306070015151	0.584686375939131
87.4224000307968	-0.483281947107668	0.581845762672617
88.4313953824094	-0.478688094839851	0.580572754273555
89.4366851126479	-0.492503235018708	0.576280023037544
90.4424953083044	-0.492324323492874	0.577705378677995
91.4475671513956	-0.479796048543723	0.574982600687301
92.4535821455720	-0.473246597107941	0.574510794179182
93.4597053134057	-0.454802039139716	0.573027719516459
94.4657364758868	-0.487513702410902	0.571149980966259
95.4757615945027	-0.478971485458099	0.570417665871540
96.4827747889940	-0.481669739957598	0.570849071224950
97.4858552359319	-0.500175024882398	0.566904846572488
98.4889095056151	-0.485046613205226	0.570551862225993
99.4919479919536	-0.498603740080430	0.568135150829233
100.493948627137	-0.472441040406349	0.568802776922830
101.500047157554	-0.489725116527178	0.566977462386747
102.502099377327	-0.479843867372495	0.566460448061846
103.509118346213	-0.967513310597360	0.560572289120344
104.515284244565	-0.959032813350961	0.559564659608299
105.516620824391	-0.968071286918792	0.558777855572465
106.520314512016	-0.957168368085715	0.557957819990899
107.526351063932	-0.954862204297097	0.558062255500784
108.532655932710	-0.944949143467639	0.553291513729417
109.538408769380	-0.964009256655037	0.554461198461589
110.545504345231	-0.983451573991854	0.550955603863010
111.546569913480	-0.970651723006508	0.550419267531067
112.550603905415	-0.948709892253096	0.546391207952651
113.553678577960	-0.972789574181297	0.542890339172957
114.561671494702	-0.952646296835736	0.539307452676179
115.567754241773	0.482654279642946	0.543548663380299
116.567912460180	0.495592933634416	0.545841845268882
117.573866245777	0.461616967413576	0.544586623413521
118.579892403784	0.479248985147485	0.545057283985561
119.584074990135	0.468959668516619	0.546488252845632
120.591011192701	0.510306047714520	0.545879407016491
121.599099579432	0.489478156349512	0.548053631132258
122.603048495289	0.495203501422080	0.549645606619215
123.604344269394	-0.491238754245752	0.549132853876940
124.607188351121	-0.485343107476885	0.547947691758936
125.612312548722	-0.483569489796390	0.548331637234883
126.620262349986	-0.469672705486992	0.546361688567770
127.622332277902	-0.483435670993755	0.548805170414249
128.624407210294	-0.473641537084245	0.544835273503814
129.626452885753	-0.501175114664990	0.546854299724072
130.629481363141	-0.484383295681632	0.540832778069255
131.631553600816	-0.489080660955457	0.542365823951668
132.635584898034	-0.496615365931880	0.539825937000529
133.638791611730	-0.475577205156819	0.540580810075026
134.647824304426	-0.478024955067182	0.539602095496479
135.653715726563	-0.480509996881443	0.533075899527458
136.660770111735	-0.494181575138169	0.533827565301686
137.664822581732	-0.469569872920472	0.532633333253222
138.669906743530	-0.477155157559845	0.535353135776047
139.676958818944	-0.483835456007218	0.536523558191437
140.681959444503	-0.480615897776372	0.531963236019940
141.682009874214	-0.483276906015539	0.533275596820261
142.691121483634	-0.498346919388356	0.531775739865805
143.694194616340	-0.483701305419841	0.527615103887483
144.695218223988	-0.488970616781555	0.529547388831583
145.699263379754	-0.490449014717551	0.526282751696097
146.704289027688	-0.492220968222518	0.529853161300220
147.706316995004	-0.485992522759038	0.525789580822007
148.714360726419	-0.500871153062719	0.528160422002725
149.715520224817	-0.471014657439562	0.523072392040416
150.723506597245	-0.475644194689333	0.524135084602845
151.723558566795	-0.481045074220313	0.521864344265744
152.727590248973	-0.481004662526163	0.516980095190545
153.735670166590	-0.488826431549529	0.518093458846863
154.741724811611	-0.470470098844593	0.520316830828223
155.741883414977	-0.481989126460956	0.518016122305379
156.748767647992	-0.487802253303750	0.514922516893919
157.751984755599	-0.467143093981612	0.514941310154558
158.753867593136	-0.482904662226404	0.515727189046885
159.763008459488	-0.486735086011096	0.512275824400433
160.770166783758	-0.483782331681242	0.515245471710927
161.780070255132	-0.489324058140267	0.511047861095625
162.784210880884	-0.491858234678316	0.514981091683584
163.792119106508	-0.455584798782705	0.508237342788840
164.793241648782	-0.464101975737005	0.509829540511936
165.797276795595	-0.477581600073496	0.505423194833715
166.798317726428	-0.493228135259399	0.506052072040142
167.800361862050	-0.970722701603003	0.504379490874988
168.808407903221	-0.964021176675457	0.504434943973131
169.816462028545	-0.953965986840836	0.503583572691842
170.820522197734	-0.975388065510607	0.500366935202849
171.821717112418	-0.985178819015174	0.497086856710269
172.830640476580	-0.976558994225842	0.497530632258006
173.834755310037	-0.958920727202484	0.495563709014618
174.842728978799	-0.957966611412794	0.492273380354092
175.850772325251	-0.957551227108172	0.491242122263897
176.855845323222	-0.963370867828912	0.488991876239380
177.864882635434	-0.960231130338835	0.484259017666344
178.865948973601	-0.966641677623314	0.485819112844750
179.866078704996	0.490033997758483	0.483953008163878
180.870084979837	0.467421178660509	0.485026253456977
181.875235354692	0.485776262971670	0.487555041207737
182.881243804556	0.472738873607890	0.487553197766702
183.884111368820	0.477689253979576	0.488871243658250
184.887212218619	0.486753800866672	0.491292656855199
185.890325002165	0.491616873942276	0.493162664219390
186.897313944200	0.470049580574574	0.491640138528905
187.900320093931	0.0127971752857366	0.492691795122212
188.904394506626	0.00679201960499744	0.491560218785487
189.908474308757	-0.000488067340899210	0.492496398581376
190.918541003011	-0.00176162378445988	0.492917583604850
191.920536248761	-0.00198547530690426	0.490804238937695
192.929661716727	-0.00284048801898975	0.492588027369566
193.937672341613	0.000421044438778716	0.493240940860948
194.940713137709	0.000703491753015410	0.492223735698758
195.943734300866	0.00845121609664362	0.495499185579694
196.945830790995	0.0154603550618614	0.490822770907342
197.950864138124	0.00485973255137466	0.490566149253692
198.953010288046	-0.00190654518935970	0.488540893184581
199.955967162944	0.00644249176540392	0.493861999956920
200.958012838403	0.00202286082454203	0.493775582903789
201.962028737236	-0.0101070872411385	0.491882015120047
202.970197580529	0.00987063757809106	0.493839513236826
203.978131213488	-0.477774176512421	0.491443676952027
204.982239117672	-0.479305202244884	0.490691936709081
205.985224094623	-0.475504488310630	0.489370332206822
206.987377943738	-0.478230732463334	0.489058055998297
207.995337753953	-0.490071809375433	0.487415562841421
208.998416276093	-0.482468172431926	0.491820617257419
210.004443973938	-0.482117498009194	0.482946703074871
211.007532889988	-0.485977065433967	0.480605521303348
212.011540704668	-0.464023759757256	0.481066466027161
213.011747427989	-0.489602089165488	0.480194850251794
214.017670801774	-0.485495102166980	0.480548404904791
215.021011866380	-0.487776997156153	0.480112770074657
216.026819367319	-0.492774733254143	0.479045974133123
217.030855284052	-0.482579346841271	0.479599796458082
218.032925981887	-0.483585498003214	0.478329368842103
219.039970743068	-0.465356226521637	0.478087380737260
220.042968038727	-0.483147199091015	0.479175520899933
221.046972773730	-0.491299085794772	0.477099220538287
222.051071438883	-0.464622378684678	0.471120669559077
223.053121733858	-0.468498004234980	0.468062981583492
224.060161490564	-0.482953216175510	0.473558839883430
225.065217550309	-0.495906392743685	0.467117408429829
226.068443511987	-0.485103229830348	0.469956285953641
227.074279114978	-0.482216362023126	0.468927817435910
228.077327995226	-0.477896269126563	0.472345280954038
229.081529829558	-0.483268588123643	0.466786602623126
230.090475521380	-0.476222732536837	0.464944471335409
231.094537230408	-0.476925853609563	0.465464445657563
232.099669127200	-0.493351584772152	0.464518144863971
233.108644460913	-0.490136560889193	0.463200711912484
234.110642786338	-0.488255856643292	0.460877169321263
235.111683717170	-0.485922971206670	0.458682852428822
236.117828057782	-0.483862706731881	0.460795126244259
237.123875773528	-0.480532261252262	0.456510473382887
238.130883578584	-0.510948725079920	0.456165929501454
239.134921420115	-3.85378946861331	0.453157455278042
240.141062681051	-3.83679483814068	0.441921942436166
241.145033539608	-3.85988633619444	0.434743830700426
242.147100772806	-3.83988204057788	0.429088844120646
243.156142319574	-3.84571611219103	0.418953702769934
244.161197609401	-3.84950937984168	0.413877381523685
245.167368512227	-3.84739480052953	0.403393243474657
246.175298680551	-3.86486988234610	0.398373704464631
247.180322788647	-2.40658303327169	0.392772272339587
248.180342421588	-2.38988604880781	0.386252697892476
249.183430952679	-2.40475416072711	0.380112835874656
250.187475723483	-2.40532390233861	0.374923516322321
251.189505230639	-2.41345507728114	0.371634342642149
252.194573224132	-2.40604577577363	0.366463699989860
253.200673679347	-2.40360204218760	0.361687758959506
254.204837787637	-2.40147376289942	0.359637700493128
255.213721500957	-2.40946572589075	0.352240718168317
256.219765367107	-2.40829005815142	0.350288595165912
257.224825276449	-2.38550072960748	0.342103499542975
258.225878525990	-2.42850905201881	0.340276996122041
259.229032500216	-2.38344318166894	0.332452866129655
260.235970627580	-2.40236200146738	0.329016025122546
261.236123841511	-2.39592490411795	0.325769470068405
262.242149614559	-2.42237928322338	0.318165552304966
263.249137016755	-2.41163798411556	0.313282458252123
264.259244131771	-2.40851828011116	0.313331282943877
265.260333952477	-2.40151048156131	0.306391991154869
266.267301721732	-2.42243964545202	0.298791498901935
267.272340073335	-2.40102129520935	0.296118890497736
268.272343153011	-2.41786611047026	0.289266358854320
269.275446697528	-2.40526361182960	0.286563406383361
270.285500303155	-2.39921407958690	0.283148836915154
271.292493864706	0.965907606908252	0.279042593643725
272.296684150249	0.973651156514536	0.286244194747366
273.303596870278	0.972697778344671	0.289036910373323
274.307675902489	0.956315744106191	0.288150781086992
275.316084575630	0.965395383046508	0.293483215489122
276.323774529145	0.953381043408126	0.292236340725730
277.325824824121	0.949606936258242	0.291386189956445
278.331971859451	0.971885266571418	0.291407926970739
279.337955671898	-0.961879648966370	0.293195136153755
280.340023290058	-0.962617210443549	0.293355694107700
281.344022635626	-0.952956748640916	0.290630080183330
282.347099617927	-0.956309998559052	0.288888765285931
283.348155562186	-0.958566009558710	0.284974030552359
284.357156688193	-0.949565509014405	0.284482862536733
285.357278720394	-0.952582252871546	0.278984562233930
286.361467851059	-0.959670388726869	0.278808370910817
287.366412657472	-0.968783758488235	0.276757999475461
288.373386586081	-0.968583557714958	0.277501700658518
289.382504354856	-0.950334816827829	0.274500202552540
290.384485742057	-0.977998451343901	0.270284498694034
291.387556949964	-0.962312640663814	0.270643164812702
292.390599285899	-0.981556493066444	0.267349250783924
293.396632373180	-0.951863041152928	0.265462130766274
294.401678423975	-0.953450858273521	0.266590485130096
295.401836642383	-0.962244214698307	0.263155304948704
296.407886282926	-0.962588519588728	0.261792226528456
297.413096326522	-0.986930860504488	0.260830097830883
298.418893433551	-0.956444112306383	0.257488953226871
299.425891614616	-0.983992370497114	0.256296804097302